M_init age core_mass st
0.74965 3.725617649955e+04 0.472488 3
0.94825 1.518332236917e+04 0.523716 6
0.84895 2.317359512059e+04 0.520795 6
1.74265 1.969651742653e+03 0.638142 6
1.14685 7.645855403549e+03 0.567108 6
1.04755 1.052825789271e+04 0.551029 6
2.13985 1.239171007057e+03 0.68221 6
1.44475 3.493439095497e+03 0.603965 6
1.64335 2.340200917952e+03 0.625095 6
1.94125 1.520855585717e+03 0.671081 6
1.84195 1.693004535400e+03 0.654431 6
1.24615 5.714392577280e+03 0.579205 6
1.34545 4.409017938472e+03 0.592475 6
2.23915 1.091849335679e+03 0.684892 6
2.04055 1.414744630673e+03 0.681784 6
1.54405 2.831276350128e+03 0.614898 6
2.53705 7.693540083646e+02 0.684365 6
3.03355 4.634070014845e+02 0.70045 6
2.63635 6.903119047463e+02 0.681757 6
2.93425 5.095195337278e+02 0.694851 6
2.43775 8.604294425004e+02 0.68707 6
2.73565 6.216395829997e+02 0.68259 6
3.13285 4.228912893794e+02 0.699976 6
3.43075 3.276190470170e+02 0.720993 6
2.83495 5.618296295990e+02 0.687385 6
3.23215 3.872283267096e+02 0.707884 6
2.33845 9.669678137025e+02 0.687393 6
3.53005 3.026348013208e+02 0.733454 6
3.62935 2.803249778538e+02 0.752488 6
3.33145 3.556327793303e+02 0.721218 6
3.72865 2.603515428048e+02 0.770314 6
4.02655 2.116481570126e+02 0.815733 6
3.92725 2.262491762936e+02 0.802084 6
3.82795 2.424103958234e+02 0.786559 6
4.12585 1.984247945254e+02 0.827256 6
4.62235 1.479221120323e+02 0.869867 6
4.22515 1.864082621903e+02 0.837446 6
4.42375 1.654673687263e+02 0.855441 6
4.32445 1.754618381900e+02 0.846683 6
4.52305 1.563175954131e+02 0.863122 6
5.01955 1.204504820618e+02 0.893074 6
5.81395 8.485129249508e+01 0.933861 6
4.72165 1.402051044734e+02 0.876724 6
5.11885 1.148151739583e+02 0.899045 6
5.31745 1.047153568491e+02 0.909246 6
5.21815 1.095808517463e+02 0.903938 6
4.92025 1.265253832978e+02 0.887813 6
4.82095 1.330934850655e+02 0.882755 6
5.61535 9.200662403735e+01 0.924092 6
5.51605 9.595636489314e+01 0.919383 6
5.41675 1.001836654573e+02 0.914368 6
5.91325 8.160795975785e+01 0.939593 6
5.71465 8.831471396415e+01 0.929762 6
6.40975 6.802917477500e+01 0.959556 6
6.01255 7.855979823627e+01 0.944488 6
6.11185 7.569027955157e+01 0.948383 6
6.50905 6.575910312286e+01 0.965641 6
6.21115 7.298453387652e+01 0.951254 6
6.60835 6.360767755273e+01 0.970152 6
6.31045 7.043560033021e+01 0.955181 6
7.99855 4.280433149154e+01 2.14701 5
6.70765 6.156957904432e+01 0.976999 6
8.29645 3.985274202333e+01 2.24685 5
7.89925 4.389868348553e+01 1.38002 6
6.80695 5.964960849650e+01 0.994637 6
8.09785 4.177737392709e+01 2.18025 5
8.49505 3.810310699091e+01 2.31358 5
6.90625 5.783950812915e+01 1.02917 6
8.19715 4.079325764404e+01 2.21353 5
8.39575 3.895976885402e+01 2.2802 5
7.10485 5.453733812779e+01 1.16601 6
7.70065 4.638849847848e+01 1.37109 6
8.59435 3.728021198780e+01 2.34698 5
7.00555 5.614204514809e+01 1.08956 6
8.69365 3.649055203111e+01 2.38039 5
8.79295 3.573237519439e+01 2.41382 5
8.89225 3.500217919923e+01 2.44726 5
9.09085 3.362749258229e+01 2.51408 5
9.19015 3.297859912386e+01 2.54749 5
7.20415 5.300482969576e+01 1.2342 6
9.48805 3.116999825324e+01 2.64773 5
9.28945 3.235372171116e+01 2.58091 5
9.88525 2.904350238919e+01 2.78118 5
8.99155 3.430119412980e+01 2.48067 5
9.68665 3.006827192510e+01 2.7145 5
7.40275 5.016404661503e+01 1.31826 6
7.30345 5.154065642975e+01 1.28328 6
9.38875 3.175064750991e+01 2.61432 5
7.79995 4.515436970498e+01 1.37903 6
9.78595 2.954655178734e+01 2.74785 5
9.58735 3.060905778801e+01 2.68113 5
10.0838 2.808832101913e+01 2.84755 5
10.481 2.636026333779e+01 2.97997 5
7.60135 4.764583672406e+01 1.37031 6
10.1831 2.763426246150e+01 2.88075 5
10.2824 2.719432488805e+01 2.91394 5
10.7789 2.518060549488e+01 3.08079 5
10.6796 2.557076970179e+01 3.04645 5
10.3818 2.677073134171e+01 2.94695 5
7.50205 4.887011304720e+01 1.34608 6
9.98455 2.855711048977e+01 2.81442 5
11.1761 2.371652806867e+01 3.22021 5
10.5803 2.596145772951e+01 3.01303 5
11.0769 2.406947293538e+01 3.18501 5
10.9775 2.443206853552e+01 3.14997 5
11.474 2.270046015278e+01 3.32783 5
11.2754 2.337066370032e+01 3.25574 5
11.3747 2.303186590388e+01 3.29164 5
11.6726 2.206107820125e+01 3.40085 5
11.5733 2.237741530846e+01 3.36421 5
11.772 2.175256132868e+01 3.43769 5
10.8782 2.480215105785e+01 3.11525 5
11.9705 2.115639141420e+01 3.51198 5
12.0698 2.086960459853e+01 3.54938 5
11.8712 2.145089325707e+01 3.47475 5
12.467 1.979499628701e+01 3.69967 5
12.2684 2.031888550947e+01 3.62424 5
12.3677 2.005413534378e+01 3.66188 5
12.5663 1.954321759299e+01 3.73738 5
12.6656 1.929828776361e+01 3.77512 5
12.7649 1.905943464142e+01 3.81299 5
12.8642 1.882691434261e+01 3.85079 5
13.0628 1.837946057025e+01 3.92647 5
12.1691 2.059083566902e+01 3.58676 5
12.9635 1.860029203935e+01 3.88858 5
13.2614 1.795427882599e+01 4.00217 5
13.3607 1.774970417923e+01 4.04003 5
13.46 1.755131997790e+01 4.0777 5
13.1621 1.816415265610e+01 3.96428 5
13.5593 1.735377901070e+01 4.11567 5
13.8572 1.679727603730e+01 4.22938 5
13.7579 1.697800822741e+01 4.19153 5
13.6586 1.716379719383e+01 4.15364 5
13.9566 1.662026699275e+01 4.26735 5
14.0558 1.644867668776e+01 4.30493 5
14.1551 1.627916062190e+01 4.34307 5
14.2544 1.611548267563e+01 4.38062 5
14.3537 1.595567446245e+01 4.41831 5
14.453 1.579751966676e+01 4.45624 5
14.5523 1.564466333474e+01 4.49382 5
14.6517 1.549483290027e+01 4.53161 5
14.9495 1.506187779249e+01 4.64527 5
14.8502 1.520626928528e+01 4.60652 5
15.1481 1.479076784789e+01 4.72035 5
15.2474 1.465884116797e+01 4.75806 5
15.3468 1.453179141177e+01 4.79511 5
15.0488 1.492714912852e+01 4.68219 5
15.446 1.440252004169e+01 4.8336 5
15.7439 1.404043849013e+01 4.94581 5
14.7509 1.534681492587e+01 4.5695 5
15.6446 1.415941150053e+01 4.9082 5
15.5453 1.427963888209e+01 4.87094 5
15.8432 1.392290471239e+01 4.98373 5
15.9425 1.380916472432e+01 5.02113 5
16.1411 1.358777973674e+01 5.09605 5
16.0419 1.369746896706e+01 5.05857 5
16.2404 1.347941672481e+01 5.13379 5
16.3397 1.337293150704e+01 5.1716 5
16.4391 1.326837243027e+01 5.20942 5
17.1341 1.259461464809e+01 5.47132 5
16.737 1.296836867675e+01 5.32198 5
16.6377 1.306777965512e+01 5.284 5
16.8362 1.287068751031e+01 5.36001 5
17.0348 1.268762536893e+01 5.43316 5
16.5384 1.316891802074e+01 5.24605 5
17.4321 1.232530524896e+01 5.58578 5
17.2334 1.250305331513e+01 5.50957 5
17.3327 1.241289883491e+01 5.54789 5
16.9355 1.277580593045e+01 5.39762 5
17.5313 1.224940779674e+01 5.61914 5
17.6306 1.216319216148e+01 5.65768 5
17.8292 1.199478074201e+01 5.73488 5
17.9285 1.191269359021e+01 5.7735 5
18.0279 1.183530161898e+01 5.81051 5
18.3257 1.161504926955e+01 5.91919 5
17.7299 1.207840576301e+01 5.69622 5
18.5243 1.146372903967e+01 5.99688 5
18.1272 1.176687669198e+01 5.84374 5
18.2264 1.169242340045e+01 5.88043 5
18.6236 1.138974349325e+01 6.03581 5
18.425 1.153900055640e+01 5.95792 5
19.0208 1.114097959442e+01 6.17146 5
18.8223 1.126218122785e+01 6.10443 5
18.9215 1.120227759838e+01 6.13733 5
19.2194 1.099471003738e+01 6.25483 5
19.1201 1.106287327758e+01 6.21562 5
18.7229 1.132256773579e+01 6.07171 5
19.3187 1.092790432798e+01 6.29384 5
19.4181 1.086182663018e+01 6.33303 5
19.6166 1.074398464047e+01 6.40444 5
19.5174 1.079900281759e+01 6.37085 5
19.8152 1.062810087591e+01 6.47663 5
19.9145 1.056492071062e+01 6.51685 5
20.0138 1.049673259227e+01 6.56099 5
20.2125 1.037116116366e+01 6.64553 5
20.1131 1.043452693637e+01 6.60253 5
19.7159 1.068778860622e+01 6.43921 5
20.3117 1.029748254113e+01 6.69647 5
20.411 1.021259051909e+01 6.75632 5
20.5103 1.014949026370e+01 6.80193 5
20.9076 9.877133688444e+00 7.02166 5
20.6096 1.008606484846e+01 6.84904 5
21.1061 9.824928362669e+00 7.08149 5
20.7089 9.985140403371e+00 6.92716 5
20.8083 9.915782377577e+00 6.98559 5
21.0069 9.846629693187e+00 7.05413 5
21.3047 9.794612850419e+00 7.1352 5
21.404 9.782566609809e+00 7.17105 5
21.5033 9.776038205868e+00 7.19588 5
21.6027 9.768850838788e+00 7.22283 5
21.702 9.760754377092e+00 7.24554 5
21.2054 9.807034264147e+00 7.10955 5
21.9005 9.738632060517e+00 7.29128 5
21.8012 9.749551817318e+00 7.27129 5
21.9998 9.724083769485e+00 7.31336 5
22.0991 9.708804187183e+00 7.33404 5
22.1985 9.687817831133e+00 7.35902 5
22.3971 9.642735170400e+00 7.40881 5
22.6949 9.565214769950e+00 7.49208 5
22.5956 9.591773569990e+00 7.46418 5
22.4963 9.618390260557e+00 7.4361 5
22.7942 9.536685531004e+00 7.52145 5
22.2978 9.664141326907e+00 7.38436 5
22.8935 9.473329215348e+00 7.58656 5
23.0922 9.401378702678e+00 7.66088 5
23.1914 9.367167406013e+00 7.69631 5
22.9929 9.437356791057e+00 7.62362 5
23.39 9.316032256547e+00 7.74979 5
23.2907 9.342165566657e+00 7.72288 5
23.688 9.242831245132e+00 7.8278 5
23.5886 9.266848530749e+00 7.80233 5
23.4893 9.291724959837e+00 7.77576 5
23.7873 9.217721919817e+00 7.85403 5
23.8865 9.193836515658e+00 7.87902 5
24.0851 9.146970205611e+00 7.9313 5
24.2837 9.086287867588e+00 7.98558 5
23.9858 9.170526023908e+00 7.9049 5
24.383 9.058366500019e+00 8.01333 5
24.5816 9.021039260209e+00 8.06809 5
24.6809 8.927377557449e+00 8.13839 4
24.1844 9.117464028541e+00 7.95921 5
24.4824 9.042787115937e+00 8.04114 5
24.7802 8.886466567933e+00 8.17046 4
24.8795 8.868109704479e+00 8.18476 4
24.9788 8.855970284845e+00 8.19421 4
25.0782 8.845095905044e+00 8.20264 4
25.1775 8.833488131675e+00 8.21168 4
25.376 8.725066324701e+00 8.30007 4
25.2767 8.815031316509e+00 8.22634 4
25.4753 8.705703876846e+00 8.31593 4
25.5746 8.701198439654e+00 8.3194 4
26.2697 8.568991461662e+00 8.4328 4
25.9718 8.578408204630e+00 8.42548 4
25.8726 8.607910877851e+00 8.39796 4
26.369 8.493057509972e+00 8.49961 4
25.6739 8.698682562047e+00 8.32123 4
25.7732 8.686006108280e+00 8.33383 4
26.0711 8.578417981319e+00 8.42516 4
26.4684 8.469409935920e+00 8.52053 4
26.1704 8.578453050300e+00 8.42486 4
26.6669 8.471120276098e+00 8.51838 4
26.5677 8.474289952868e+00 8.5158 4
26.7662 8.388514028090e+00 8.59336 4
26.9648 8.384061707636e+00 8.59685 4
26.8655 8.377260937423e+00 8.60347 4
27.0641 8.375407640915e+00 8.60459 4
27.1634 8.284809891070e+00 8.68958 4
27.2628 8.295907561226e+00 8.67862 4
27.362 8.297834742217e+00 8.67871 4
27.4613 8.213175259155e+00 8.75808 4
27.6599 8.226656700861e+00 8.74655 4
27.9579 8.158631361649e+00 8.81275 4
28.0572 8.090551812796e+00 8.88105 4
27.8586 8.146894803187e+00 8.82473 4
28.1564 8.082335744953e+00 8.8891 4
27.7592 8.152377086800e+00 8.8196 4
27.5606 8.218731090864e+00 8.7546 4
28.4543 8.024582421079e+00 8.94774 4
28.653 7.964229255768e+00 9.01051 4
28.5536 8.038423889491e+00 8.9331 4
28.355 8.027443444161e+00 8.94508 4
28.2557 8.096286687005e+00 8.87461 4
28.7523 7.973393466343e+00 9.00053 4
28.9508 7.903793712779e+00 9.0743 4
29.0501 7.928997167532e+00 9.04913 4
29.1494 7.934101713389e+00 9.04335 4
28.8515 7.985492311067e+00 8.98972 4
29.2487 7.861433811161e+00 9.12174 4
29.4474 7.821961385381e+00 9.16463 4
29.5466 7.822636202572e+00 9.16357 4
29.6459 7.842100427033e+00 9.14171 4
29.3481 7.887537029690e+00 9.09294 4
29.7452 7.740092602927e+00 9.25571 4
29.9438 7.788730838104e+00 9.2001 4
29.8445 7.786853790073e+00 9.20254 4
30.1425 7.733899407003e+00 9.26149 4
30.0431 7.686469290079e+00 9.3163 4
30.2417 7.643153239358e+00 9.37013 4
30.341 7.669062325612e+00 9.33671 4
30.4403 7.632972603172e+00 9.3826 4
30.7383 7.595346296976e+00 9.43284 4
30.8376 7.620433876109e+00 9.39993 4
30.5396 7.631673592972e+00 9.38631 4
30.6389 7.647587160786e+00 9.36559 4
30.9368 7.576971431237e+00 9.45628 4
31.0361 7.589127995341e+00 9.44001 4
31.334 7.577413865560e+00 9.45441 4
31.1354 7.598791299810e+00 9.42706 4
31.2347 7.556755761289e+00 9.48199 4
31.9298 7.500684005602e+00 9.55704 4
31.7312 7.527704834917e+00 9.52141 4
31.4333 7.526270310835e+00 9.52189 4
31.5327 7.554511410284e+00 9.48634 4
31.8305 7.537696700564e+00 9.5077 4
31.6319 7.515418823619e+00 9.53815 4
32.1285 7.474770033898e+00 9.59152 4
32.0292 7.520017611970e+00 9.53074 4
32.327 7.458471967837e+00 9.61313 4
32.2278 7.501476428545e+00 9.55498 4
32.5256 7.451340353639e+00 9.62466 4
32.4263 7.482118815640e+00 9.58295 4
32.7242 7.472305892678e+00 9.59531 4
32.6249 7.459797334280e+00 9.6127 4
32.9229 7.458146794584e+00 9.61398 4
32.8236 7.438325342845e+00 9.6416 4
33.0222 7.418558413355e+00 9.66832 4
33.3201 7.430296271251e+00 9.65344 4
33.1215 7.444537469437e+00 9.63203 4
33.4194 7.397114796658e+00 9.69932 4
33.2208 7.402755054272e+00 9.68968 4
33.5187 7.414466647471e+00 9.67472 4
33.618 7.391864323502e+00 9.70595 4
33.8165 7.411491206541e+00 9.67781 4
33.7172 7.397917710304e+00 9.69712 4
34.3131 7.357457630001e+00 9.75453 4
34.0152 7.400680422579e+00 9.69469 4
34.1145 7.370479652967e+00 9.73683 4
34.2138 7.388563959276e+00 9.71094 4
33.9159 7.383384627574e+00 9.71686 4
34.611 7.366905304000e+00 9.74008 4
34.4124 7.376909037725e+00 9.72663 4
34.7103 7.334814600494e+00 9.78547 4
34.5117 7.346008667124e+00 9.77017 4
34.8096 7.356905289899e+00 9.756 4
34.9089 7.325455065529e+00 9.79822 4
35.0082 7.347869245729e+00 9.76814 4
35.2067 7.338108023446e+00 9.78136 4
35.306 7.308190741868e+00 9.82411 4
35.1075 7.316212998404e+00 9.81323 4
35.4054 7.330092928079e+00 9.79216 4
35.5047 7.300870379600e+00 9.83397 4
35.9019 7.289712010649e+00 9.85113 4
35.7033 7.294709962839e+00 9.84463 4
35.604 7.323018468895e+00 9.80409 4
35.8026 7.315760995913e+00 9.81374 4
36.1005 7.283867622121e+00 9.85896 4
36.2991 7.279928266644e+00 9.864 4
36.1998 7.302344616720e+00 9.83168 4
36.0012 7.308888276204e+00 9.82296 4
36.3984 7.297049862114e+00 9.84112 4
36.4977 7.276126122459e+00 9.87127 4
36.6963 7.273170800566e+00 9.87476 4
36.5969 7.292413708047e+00 9.84708 4
36.9942 7.258271466902e+00 9.89556 4
37.0935 7.271638254533e+00 9.878 4
37.1928 7.249065078520e+00 9.91083 4
36.7956 7.286851547028e+00 9.8544 4
37.3914 7.239930608947e+00 9.92361 4
37.2921 7.268344752494e+00 9.88203 4
37.4907 7.263225855259e+00 9.88874 4
37.59 7.238380459951e+00 9.92508 4
37.7886 7.240376040966e+00 9.92384 4
37.6893 7.258561544071e+00 9.89491 4
36.8949 7.271928788672e+00 9.87588 4
37.8879 7.253987555248e+00 9.90327 4
38.2851 7.218205976152e+00 9.95486 4
38.0864 7.225750596844e+00 9.9443 4
37.9871 7.243142022821e+00 9.91894 4
38.3844 7.239036541266e+00 9.92348 4
38.1858 7.242306229419e+00 9.91941 4
38.583 7.236641251389e+00 9.92867 4
38.8809 7.226574420951e+00 9.94233 4
38.4837 7.218446793166e+00 9.95616 4
38.7816 7.232547264987e+00 9.93387 4
39.1788 7.203670351513e+00 9.97796 4
38.9802 7.207883872741e+00 9.96999 4
39.0795 7.226257594053e+00 9.9445 4
38.6823 7.222936625514e+00 9.94865 4
39.2781 7.223925173837e+00 9.94712 4
39.4766 7.220681295074e+00 9.9512 4
39.3773 7.209063293805e+00 9.96903 4
39.576 7.215659376005e+00 9.95828 4
39.6753 7.200109887646e+00 9.98129 4
39.7746 7.216104323690e+00 9.95928 4
39.8739 7.195896494989e+00 9.98931 4
39.9732 7.214813959591e+00 9.96034 4
40.0725 7.202348103612e+00 9.97867 4
40.1718 7.213353686526e+00 9.96169 4
40.2711 7.209860661167e+00 9.96898 4
40.4697 7.210457828387e+00 9.96722 4
40.569 7.192122817060e+00 9.99441 4
40.3704 7.195626173096e+00 9.99006 4
40.9661 7.207227566370e+00 9.97238 4
40.6683 7.209447536724e+00 9.96786 4
40.7675 7.200892002940e+00 9.9803 4
40.8668 7.208583836512e+00 9.97077 4
41.1648 7.207090954536e+00 9.97169 4
41.3634 7.206863031759e+00 9.97363 4
41.0655 7.193580061594e+00 9.9925 4
41.2641 7.193833978542e+00 9.99123 4
41.4627 7.202599571723e+00 9.97967 4
41.6613 7.206042721569e+00 9.97352 4
41.562 7.196514521974e+00 9.98832 4
41.7606 7.194438141183e+00 9.9906 4
42.1578 7.205861366169e+00 9.97401 4
42.0585 7.205501550123e+00 9.97508 4
41.8599 7.205631707376e+00 9.97323 4
42.257 7.198864586512e+00 9.9841 4
42.555 7.205223596755e+00 9.97567 4
42.3564 7.205420082027e+00 9.97373 4
41.9592 7.198258601592e+00 9.98638 4
42.7536 7.205707908948e+00 9.97396 4
42.6543 7.204914427670e+00 9.97557 4
42.8529 7.205019565600e+00 9.97456 4
42.9522 7.203914498854e+00 9.97579 4
43.1508 7.203985795575e+00 9.97717 4
42.4557 7.198150621939e+00 9.98435 4
43.2501 7.205579556917e+00 9.97435 4
43.6472 7.205667537342e+00 9.9747 4
43.3494 7.205311466117e+00 9.9742 4
43.4487 7.205260760646e+00 9.97385 4
43.0515 7.205792790688e+00 9.97494 4
43.548 7.205662577933e+00 9.97529 4
43.7465 7.205611584629e+00 9.97433 4
44.0445 7.206116841408e+00 9.9746 4
43.9452 7.205238999882e+00 9.97399 4
44.2431 7.205195260085e+00 9.97503 4
43.8459 7.205725093659e+00 9.97371 4
44.3424 7.205110122877e+00 9.97469 4
44.4417 7.205668735771e+00 9.97341 4
44.541 7.205676253446e+00 9.97542 4
44.6403 7.205638371237e+00 9.97487 4
44.1438 7.205176169352e+00 9.97553 4
44.7396 7.205531635097e+00 9.97455 4
44.8389 7.205302222314e+00 9.97442 4
44.9382 7.205694184069e+00 9.97337 4
45.0374 7.205426759502e+00 9.97578 4
45.1368 7.205414050431e+00 9.9753 4
45.4347 7.205612054904e+00 9.97344 4
45.3354 7.205336978464e+00 9.97444 4
45.2361 7.205459171312e+00 9.97474 4
45.534 7.205533963771e+00 9.97555 4
45.8319 7.205269102356e+00 9.97444 4
45.7326 7.205217178194e+00 9.975 4
46.1298 7.205531150621e+00 9.97502 4
46.0305 7.206074701467e+00 9.97474 4
46.2291 7.205793756813e+00 9.97412 4
46.3284 7.205708575909e+00 9.97375 4
45.9312 7.205025550492e+00 9.97432 4
45.6333 7.205956487716e+00 9.97441 4
46.4276 7.205664585012e+00 9.97333 4
46.5269 7.206115862208e+00 9.97462 4
46.7256 7.205602007627e+00 9.97432 4
46.6262 7.205987631974e+00 9.97427 4
46.8249 7.205198649332e+00 9.97442 4
46.9242 7.205877115510e+00 9.97538 4
47.0235 7.205590551259e+00 9.97527 4
47.1228 7.205751395459e+00 9.97449 4
47.52 7.205317813387e+00 9.9755 4
47.7186 7.205111980932e+00 9.97473 4
47.3214 7.205737976738e+00 9.97348 4
48.1158 7.205665454448e+00 9.97434 4
47.4207 7.205775246945e+00 9.97537 4
47.2221 7.205233505062e+00 9.97474 4
48.0165 7.205438940832e+00 9.97523 4
47.6193 7.205763537949e+00 9.97429 4
47.8178 7.206187882649e+00 9.97508 4
48.2151 7.205132509618e+00 9.9746 4
48.3144 7.205378432508e+00 9.97617 4
47.9171 7.205944587421e+00 9.97504 4
48.4137 7.205451245573e+00 9.97549 4
48.8109 7.205607409182e+00 9.97566 4
48.513 7.205465146212e+00 9.97491 4
48.6123 7.205530806924e+00 9.97426 4
48.7116 7.204883327071e+00 9.97482 4
49.1088 7.205793898061e+00 9.97367 4
49.0095 7.205175479279e+00 9.97514 4
49.4066 7.205256883147e+00 9.97536 4
49.2081 7.205592565485e+00 9.97603 4
49.6053 7.205188284207e+00 9.97433 4
49.7046 7.206190557218e+00 9.97489 4
49.8039 7.205651094475e+00 9.97508 4
49.506 7.205251743557e+00 9.97479 4
49.3073 7.205332954246e+00 9.97583 4
49.9032 7.205079741693e+00 9.97534 4
48.9102 7.205471034016e+00 9.97528 4
50.0025 7.205769303870e+00 9.97374 4
50.2011 7.205714946383e+00 9.97526 4
50.1018 7.206114747895e+00 9.97513 4
50.499 7.205499653578e+00 9.97396 4
50.6975 7.205721861856e+00 9.97488 4
50.3004 7.205730864356e+00 9.97463 4
50.3997 7.205730799714e+00 9.97405 4
51.1941 7.205844401966e+00 9.97443 4
50.5983 7.205485361334e+00 9.97585 4
50.9955 7.205543336040e+00 9.97598 4
51.0948 7.205811677437e+00 9.97495 4
50.8962 7.205436798326e+00 9.97426 4
50.7969 7.205818555918e+00 9.97413 4
51.2934 7.205000384511e+00 9.97509 4
51.3927 7.205582141252e+00 9.97625 4
51.5913 7.205664883273e+00 9.97486 4
51.492 7.205390153661e+00 9.9759 4
51.7899 7.206255553801e+00 9.97539 4
51.6906 7.205837031036e+00 9.974 4
51.8892 7.205579472653e+00 9.97577 4
51.9885 7.205288443108e+00 9.97571 4
52.187 7.205622344826e+00 9.97398 4
52.0877 7.205104168550e+00 9.97536 4
52.3857 7.205317746430e+00 9.97577 4
52.485 7.205592429293e+00 9.97488 4
52.7829 7.205567021182e+00 9.97564 4
52.5843 7.205504201930e+00 9.97439 4
52.2863 7.206109315510e+00 9.97526 4
52.9815 7.205755620797e+00 9.97423 4
52.8822 7.205736846840e+00 9.97473 4
52.6836 7.206206935849e+00 9.97519 4
53.0808 7.206202190847e+00 9.97541 4
53.2794 7.205889124749e+00 9.9747 4
53.1801 7.206001279317e+00 9.9752 4
53.4779 7.205966637832e+00 9.97594 4
53.5772 7.205592875143e+00 9.97582 4
53.6766 7.205642800798e+00 9.97524 4
53.7759 7.205829143915e+00 9.97431 4
53.3787 7.205802745048e+00 9.97419 4
54.0738 7.205563544724e+00 9.9755 4
53.8752 7.205544591774e+00 9.97672 4
54.5703 7.205646589184e+00 9.97482 4
53.9745 7.206004407215e+00 9.97536 4
54.1731 7.205348766655e+00 9.97515 4
54.2724 7.205361315390e+00 9.97465 4
54.6696 7.205487634208e+00 9.97457 4
54.3717 7.205853120442e+00 9.97571 4
55.0667 7.205157902273e+00 9.97513 4
54.471 7.205554984505e+00 9.97563 4
54.8681 7.205743477745e+00 9.97544 4
54.7689 7.205590618881e+00 9.9762 4
54.9674 7.205545633493e+00 9.97522 4
55.1661 7.205795402087e+00 9.97615 4
55.2654 7.205364513955e+00 9.97607 4
55.464 7.205058989876e+00 9.97533 4
55.5633 7.205812658459e+00 9.97617 4
56.0598 7.206240063850e+00 9.97499 4
55.6626 7.205886659688e+00 9.97533 4
55.8612 7.205960412489e+00 9.97418 4
55.7619 7.205597669998e+00 9.97523 4
55.9605 7.206127056995e+00 9.97572 4
55.3647 7.206083436834e+00 9.97448 4
56.1591 7.205305621006e+00 9.97585 4
56.457 7.206085309241e+00 9.9752 4
56.3576 7.205983515803e+00 9.9761 4
56.2584 7.205861221879e+00 9.97434 4
56.5563 7.205381084573e+00 9.97571 4
56.8542 7.206147096664e+00 9.97519 4
56.6556 7.205697116507e+00 9.97471 4
56.7549 7.205892822465e+00 9.97615 4
57.0528 7.205796894054e+00 9.97443 4
57.5493 7.206287849234e+00 9.97536 4
57.1521 7.205767274298e+00 9.97637 4
56.9535 7.205441098935e+00 9.97568 4
57.3507 7.205553467669e+00 9.97534 4
57.45 7.206511163202e+00 9.97582 4
57.2514 7.205384944941e+00 9.97635 4
57.6486 7.205809858662e+00 9.97547 4
57.7478 7.205879801760e+00 9.97479 4
57.9464 7.206122406682e+00 9.97549 4
58.1451 7.205543524782e+00 9.97516 4
58.2444 7.206412524840e+00 9.97552 4
58.443 7.205993845648e+00 9.9749 4
57.8471 7.205892786173e+00 9.97666 4
58.3437 7.205988937613e+00 9.97552 4
58.0458 7.206070056694e+00 9.97497 4
58.5423 7.206057363964e+00 9.97667 4
58.6416 7.205661449716e+00 9.9764 4
58.7409 7.205536323954e+00 9.97595 4
58.9395 7.205669145935e+00 9.97698 4
58.8402 7.205922349536e+00 9.97476 4
59.2373 7.206455031032e+00 9.9761 4
59.3367 7.205809015838e+00 9.97639 4
59.138 7.206104280867e+00 9.97479 4
59.0388 7.205927960496e+00 9.97569 4
59.436 7.206173741638e+00 9.97495 4
59.7339 7.205971870338e+00 9.9757 4
59.6346 7.205849906359e+00 9.97658 4
59.5353 7.205881574866e+00 9.97475 4
59.9325 7.206071631252e+00 9.97646 4
60.2304 7.205825386146e+00 9.97721 4
59.8332 7.205688659355e+00 9.97546 4
60.1311 7.205535142915e+00 9.97585 4
60.0318 7.205654843208e+00 9.97636 4
60.3297 7.206197237815e+00 9.97592 4
60.429 7.205592416429e+00 9.97611 4
60.5282 7.206579828365e+00 9.97618 4
60.6275 7.205900770730e+00 9.97645 4
60.7268 7.205952953579e+00 9.97564 4
60.8262 7.205880446035e+00 9.97505 4
61.0248 7.206200146583e+00 9.97529 4
60.9255 7.205774824904e+00 9.97693 4
61.2234 7.206182662689e+00 9.9763 4
61.3227 7.205814685116e+00 9.97608 4
61.422 7.205960666895e+00 9.97513 4
61.5213 7.206134450185e+00 9.97657 4
61.1241 7.205334523404e+00 9.97587 4
61.8192 7.206036448431e+00 9.97686 4
61.7199 7.205355960038e+00 9.97618 4
61.9184 7.205743337962e+00 9.97622 4
61.6206 7.205968339915e+00 9.97602 4
62.0177 7.205608901733e+00 9.97565 4
62.1171 7.206374058675e+00 9.97616 4
62.3157 7.206050116109e+00 9.97504 4
62.2164 7.206340079148e+00 9.97539 4
62.415 7.205678406920e+00 9.97724 4
62.5143 7.206181811076e+00 9.97565 4
62.6136 7.206157971167e+00 9.97736 4
62.9115 7.206394476689e+00 9.97695 4
62.8122 7.205822837765e+00 9.97615 4
63.0108 7.206123103706e+00 9.97648 4
62.7129 7.205940358630e+00 9.97683 4
63.6066 7.205704886791e+00 9.97679 4
63.2094 7.206447458923e+00 9.97646 4
63.1101 7.205978267395e+00 9.97583 4
63.4079 7.206180027198e+00 9.97511 4
63.3087 7.206252495808e+00 9.97586 4
63.7059 7.206341973581e+00 9.97714 4
63.9045 7.206280361260e+00 9.97539 4
63.5072 7.206406180724e+00 9.97634 4
63.8052 7.205864005426e+00 9.97723 4
64.0037 7.206627226952e+00 9.97644 4
64.2023 7.205757462680e+00 9.97588 4
64.103 7.206403320070e+00 9.97582 4
64.3016 7.206395076365e+00 9.97643 4
64.4009 7.205760767419e+00 9.97675 4
64.5002 7.206120046300e+00 9.97776 4
64.6988 7.206071934178e+00 9.97557 4
64.7982 7.206510868609e+00 9.97639 4
64.9968 7.206510961562e+00 9.9769 4
64.5995 7.206030619760e+00 9.97658 4
65.0961 7.206372043591e+00 9.97607 4
64.8975 7.206084369698e+00 9.97636 4
65.1954 7.206371895512e+00 9.97542 4
65.394 7.206303325948e+00 9.97594 4
65.2947 7.206365701039e+00 9.97688 4
65.4933 7.205833451982e+00 9.97653 4
65.5926 7.205834606644e+00 9.97642 4
65.6919 7.206279036661e+00 9.97605 4
65.9898 7.212378137505e+00 9.96678 4
65.7912 7.205865567668e+00 9.97657 4
66.1883 7.216909313089e+00 9.96245 4
65.8905 7.205802411187e+00 9.97667 4
66.0891 7.213836123692e+00 9.96459 4
66.5855 7.213831591640e+00 9.9646 4
66.2876 7.211577818062e+00 9.96798 4
66.4862 7.215010920062e+00 9.9653 4
66.7841 7.213693505336e+00 9.9648 4
66.6848 7.210502380034e+00 9.9696 4
66.9827 7.213219368484e+00 9.96552 4
67.0821 7.210873168525e+00 9.96904 4
66.3869 7.213923776978e+00 9.96446 4
67.1814 7.211554759911e+00 9.96802 4
66.8834 7.210470963861e+00 9.96964 4
67.38 7.209322043489e+00 9.97137 4
67.4793 7.209835206915e+00 9.9706 4
67.2807 7.212166066149e+00 9.9671 4
67.6779 7.209100888278e+00 9.9717 4
67.7772 7.207339261521e+00 9.97435 4
67.5786 7.211308363080e+00 9.96839 4
67.8765 7.208407917083e+00 9.97275 4
67.9758 7.210259133681e+00 9.96996 4
68.2737 7.205194641140e+00 9.97758 4
68.0751 7.208101973712e+00 9.97321 4
68.4723 7.208753992458e+00 9.97223 4
68.1744 7.206621249540e+00 9.97543 4
68.373 7.210449078630e+00 9.96968 4
68.6709 7.206661228976e+00 9.97537 4
68.7702 7.205677228101e+00 9.97685 4
68.5716 7.207954842833e+00 9.97343 4
68.9688 7.210538634126e+00 9.96954 4
68.8695 7.205034253001e+00 9.97782 4
69.1673 7.209216727532e+00 9.97153 4
69.2666 7.208742256346e+00 9.97224 4
69.3659 7.208343725472e+00 9.97284 4
69.068 7.209919645074e+00 9.97047 4
69.5645 7.208937990166e+00 9.97195 4
69.6638 7.212806505015e+00 9.96614 4
69.7631 7.212288304653e+00 9.96691 4
70.1604 7.210361778934e+00 9.96981 4
69.8624 7.211765832358e+00 9.9677 4
69.4652 7.207818515466e+00 9.97363 4
69.9618 7.211419108505e+00 9.96822 4
70.359 7.215929048004e+00 9.96392 4
70.4583 7.215463422158e+00 9.96462 4
70.2597 7.209758424760e+00 9.97072 4
70.5576 7.214963428891e+00 9.96537 4
70.0611 7.210913920451e+00 9.96898 4
70.6569 7.214079672025e+00 9.96423 4
70.7562 7.213589973840e+00 9.96496 4
70.9548 7.212347129766e+00 9.96683 4
70.8555 7.212809210747e+00 9.96613 4
71.0541 7.217643054358e+00 9.96135 4
71.1534 7.218149172005e+00 9.96059 4
71.352 7.217254671496e+00 9.96193 4
71.5506 7.216016319201e+00 9.96379 4
71.2527 7.217608549543e+00 9.9614 4
71.4513 7.216703264846e+00 9.96276 4
71.6499 7.215640303560e+00 9.96436 4
72.047 7.220009312457e+00 9.9578 4
71.9477 7.220374218094e+00 9.95726 4
71.7492 7.218675396531e+00 9.9598 4
72.1463 7.219522121554e+00 9.95853 4
72.2456 7.218840714896e+00 9.95956 4
71.8484 7.220756631915e+00 9.95668 4
72.3449 7.218293977058e+00 9.96037 4
72.4442 7.217895104790e+00 9.96097 4
72.5435 7.223597528926e+00 9.95243 4
72.7422 7.222779958939e+00 9.95365 4
72.6428 7.223213002114e+00 9.95301 4
72.8415 7.222224549537e+00 9.95449 4
72.9408 7.221745923842e+00 9.9552 4
73.0401 7.221243155737e+00 9.95596 4
73.338 7.225975465630e+00 9.94888 4
73.1394 7.220800990533e+00 9.95662 4
73.2387 7.222658461874e+00 9.95384 4
73.4373 7.225653577913e+00 9.94936 4
73.5366 7.225325397504e+00 9.94985 4
73.6359 7.224601877539e+00 9.95093 4
73.8345 7.223632883763e+00 9.95238 4
73.7352 7.224107381193e+00 9.95167 4
73.9338 7.223249655512e+00 9.95295 4
74.0331 7.224401392038e+00 9.95123 4
74.2317 7.228202209819e+00 9.94555 4
74.5296 7.226590704289e+00 9.94796 4
74.1324 7.228495531349e+00 9.94511 4
74.7281 7.225806803296e+00 9.94913 4
74.6288 7.226154856467e+00 9.94861 4
74.331 7.227669951975e+00 9.94634 4
74.4303 7.227181567199e+00 9.94707 4
74.9267 7.231182925581e+00 9.9411 4
75.026 7.230710923659e+00 9.9418 4
74.8274 7.228019054679e+00 9.94582 4
75.1253 7.230182539162e+00 9.94259 4
75.4232 7.228890274320e+00 9.94452 4
75.2246 7.229730902896e+00 9.94326 4
75.3239 7.229285332887e+00 9.94393 4
75.5225 7.228451335128e+00 9.94518 4
75.8205 7.233449292670e+00 9.93772 4
75.6219 7.230012139632e+00 9.94285 4
76.0191 7.232371010788e+00 9.93933 4
75.9198 7.232977642156e+00 9.93842 4
75.7212 7.233844455319e+00 9.93713 4
76.1184 7.231913112390e+00 9.94001 4
76.2177 7.231535339070e+00 9.94057 4
76.317 7.231173510342e+00 9.94111 4
76.4163 7.230906180239e+00 9.94151 4
76.6149 7.236058755418e+00 9.93387 4
76.7142 7.235572566525e+00 9.93455 4
76.5156 7.235988156801e+00 9.93398 4
76.9128 7.234482961218e+00 9.93618 4
77.0121 7.234087168246e+00 9.93677 4
76.8135 7.235067424036e+00 9.93531 4
77.2107 7.233477096312e+00 9.93768 4
77.1114 7.233775234855e+00 9.93723 4
77.4093 7.238496699887e+00 9.93024 4
77.31 7.235917440329e+00 9.93408 4
77.5085 7.237965143291e+00 9.93104 4
77.8064 7.236654682298e+00 9.93299 4
77.7071 7.236945608284e+00 9.93255 4
77.6078 7.237531725934e+00 9.93168 4
77.9057 7.236204785731e+00 9.93366 4
78.005 7.235895960835e+00 9.93412 4
78.1043 7.236449107612e+00 9.93329 4
78.2036 7.240918676971e+00 9.92664 4
78.3029 7.240351913595e+00 9.92749 4
78.5016 7.239406608154e+00 9.92889 4
78.4023 7.239946204730e+00 9.92809 4
78.6009 7.239095090103e+00 9.92935 4
78.7002 7.238629367789e+00 9.93005 4
78.8988 7.238118456659e+00 9.93081 4
78.7995 7.238313269738e+00 9.93052 4
78.9981 7.243258241691e+00 9.92317 4
79.1967 7.242346993512e+00 9.92452 4
79.0974 7.242766168119e+00 9.9239 4
79.4946 7.240942806615e+00 9.92661 4
79.3953 7.241324972799e+00 9.92604 4
79.5939 7.240693968741e+00 9.92698 4
79.6932 7.240459710735e+00 9.92733 4
79.296 7.241879064755e+00 9.92522 4
80.1897 7.243781235667e+00 9.92239 4
79.9911 7.244597716041e+00 9.92118 4
79.7925 7.242891509769e+00 9.92371 4
79.8918 7.245146675795e+00 9.92036 4
80.0904 7.244227010554e+00 9.92173 4
80.2889 7.243305757509e+00 9.9231 4
80.3882 7.243039726404e+00 9.92349 4
80.4875 7.242774313571e+00 9.92389 4
80.5868 7.242468550710e+00 9.92434 4
80.7854 7.246984643528e+00 9.91764 4
80.6861 7.247455147236e+00 9.91694 4
80.8847 7.246584101321e+00 9.91823 4
81.1826 7.245282058767e+00 9.92016 4
80.984 7.246146074538e+00 9.91888 4
81.3813 7.244729724506e+00 9.92098 4
81.0833 7.245633796995e+00 9.91964 4
81.4806 7.249775286524e+00 9.9135 4
81.6792 7.248805091022e+00 9.91494 4
81.5799 7.249335441729e+00 9.91415 4
81.282 7.245073950265e+00 9.92047 4
81.7785 7.248451764622e+00 9.91546 4
81.8778 7.247927510284e+00 9.91624 4
81.9771 7.247586479780e+00 9.91674 4
82.0764 7.247343147386e+00 9.9171 4
82.275 7.247693932976e+00 9.91658 4
82.5729 7.250687254914e+00 9.91215 4
82.3743 7.251556299203e+00 9.91086 4
82.1757 7.247063884061e+00 9.91752 4
82.6722 7.250169992826e+00 9.91292 4
82.9701 7.249325045163e+00 9.91417 4
82.8708 7.249520051650e+00 9.91388 4
82.7715 7.249860612563e+00 9.91337 4
82.4736 7.251163901176e+00 9.91144 4
83.0694 7.248779761981e+00 9.91497 4
83.2679 7.253500114045e+00 9.90799 4
83.3672 7.252824470715e+00 9.90899 4
83.4665 7.252447295633e+00 9.90954 4
83.5658 7.252029083449e+00 9.91016 4
83.1686 7.251371522277e+00 9.91114 4
83.8637 7.251046395095e+00 9.91162 4
83.7644 7.251481602116e+00 9.91097 4
83.6651 7.251773002085e+00 9.91054 4
84.261 7.254640250535e+00 9.9063 4
83.963 7.250686695507e+00 9.91215 4
84.1617 7.255114153563e+00 9.9056 4
84.0624 7.254630282349e+00 9.90631 4
84.3603 7.254312115026e+00 9.90678 4
84.4596 7.253948021836e+00 9.90732 4
84.5589 7.253560816423e+00 9.9079 4
84.6582 7.253337421688e+00 9.90823 4
84.8568 7.252540166124e+00 9.90941 4
84.7575 7.252857656704e+00 9.90894 4
85.0554 7.256946697475e+00 9.90289 4
84.9561 7.257373897509e+00 9.90226 4
85.3533 7.255737659621e+00 9.90468 4
85.1547 7.256552944965e+00 9.90347 4
85.254 7.256026921040e+00 9.90425 4
85.5519 7.255176874341e+00 9.90551 4
85.6512 7.254632307013e+00 9.90631 4
85.8498 7.259253114733e+00 9.89948 4
85.4526 7.255429042778e+00 9.90513 4
85.7505 7.254878897281e+00 9.90595 4
86.2469 7.257599824666e+00 9.90192 4
86.0483 7.258235703901e+00 9.90099 4
86.1476 7.257831089442e+00 9.90158 4
86.3462 7.257299132962e+00 9.90237 4
86.4455 7.256825086432e+00 9.90307 4
86.5448 7.256465454576e+00 9.9036 4
85.949 7.258773035747e+00 9.90019 4
86.6441 7.256228420480e+00 9.90395 4
86.7434 7.260863785908e+00 9.89711 4
86.8427 7.260563032145e+00 9.89755 4
86.9421 7.260072436917e+00 9.89827 4
87.0414 7.259702960970e+00 9.89882 4
87.3393 7.258634275621e+00 9.9004 4
87.24 7.259100275112e+00 9.89971 4
87.1407 7.259327269804e+00 9.89937 4
87.7365 7.262237396978e+00 9.89508 4
87.5379 7.257854547196e+00 9.90155 4
87.6372 7.262693140221e+00 9.89441 4
87.4386 7.258115857942e+00 9.90116 4
88.0344 7.261139590732e+00 9.8967 4
87.8358 7.261739163831e+00 9.89581 4
88.1337 7.260934243637e+00 9.897 4
87.9351 7.261448326114e+00 9.89624 4
88.5309 7.264324333395e+00 9.892 4
88.3323 7.259949528371e+00 9.89846 4
88.233 7.260445073504e+00 9.89772 4
88.4316 7.259540072672e+00 9.89906 4
88.6302 7.263956900162e+00 9.89254 4
88.8287 7.263268358440e+00 9.89356 4
88.928 7.262935340691e+00 9.89405 4
88.7294 7.263544365393e+00 9.89315 4
89.1266 7.262034182099e+00 9.89538 4
89.0273 7.262574263416e+00 9.89458 4
89.5238 7.265789641169e+00 9.88984 4
89.2259 7.261788219632e+00 9.89574 4
89.3252 7.261275412868e+00 9.8965 4
89.4245 7.265419957994e+00 9.89039 4
89.6232 7.265336733659e+00 9.89051 4
89.7225 7.264936213843e+00 9.8911 4
89.8218 7.264668816070e+00 9.89149 4
89.9211 7.264221227592e+00 9.89215 4
90.1197 7.263444371970e+00 9.8933 4
90.0204 7.263819066081e+00 9.89275 4
90.219 7.263104078203e+00 9.8938 4
90.3183 7.264471795800e+00 9.89178 4
90.4176 7.267437390305e+00 9.88742 4
90.6162 7.266599509579e+00 9.88865 4
90.5169 7.267026545127e+00 9.88802 4
90.7155 7.266313566396e+00 9.88907 4
91.0134 7.265239030719e+00 9.89065 4
90.8148 7.266100978627e+00 9.88938 4
90.9141 7.265506864641e+00 9.89026 4
91.212 7.264830526241e+00 9.89126 4
91.1127 7.264761300638e+00 9.89136 4
91.7084 7.267593032041e+00 9.88719 4
91.3113 7.269092388207e+00 9.88498 4
91.5099 7.268407812042e+00 9.88599 4
91.8077 7.266999453237e+00 9.88806 4
91.6091 7.268013397304e+00 9.88657 4
91.4106 7.268815864414e+00 9.88539 4
92.1056 7.264824822657e+00 9.89126 4
92.0063 7.265434667627e+00 9.89037 4
91.907 7.266199296069e+00 9.88924 4
92.2049 7.265926161995e+00 9.88964 4
92.3042 7.268929201515e+00 9.88522 4
92.4035 7.268180612406e+00 9.88632 4
92.5028 7.267715631376e+00 9.88701 4
92.6022 7.267191970675e+00 9.88778 4
92.7015 7.266679262013e+00 9.88853 4
92.8008 7.266062326806e+00 9.88944 4
92.9001 7.265687810373e+00 9.88999 4
92.9994 7.265086462656e+00 9.89088 4
93.2973 7.268950826420e+00 9.88519 4
93.198 7.266576920647e+00 9.88868 4
93.3966 7.268420200259e+00 9.88597 4
93.0987 7.264582894528e+00 9.89162 4
93.4959 7.268018196350e+00 9.88656 4
93.5952 7.267821310617e+00 9.88685 4
93.6945 7.267525874616e+00 9.88728 4
93.8931 7.265924463338e+00 9.88964 4
93.7938 7.266783265795e+00 9.88838 4
93.9924 7.264969329399e+00 9.89105 4
94.3895 7.267859363418e+00 9.88679 4
94.0917 7.264407408015e+00 9.89188 4
94.2903 7.268244011203e+00 9.88623 4
94.4888 7.267263378666e+00 9.88767 4
94.191 7.267433455726e+00 9.88742 4
94.5881 7.266813004761e+00 9.88833 4
94.7867 7.265691908049e+00 9.88999 4
94.6874 7.266236046582e+00 9.88918 4
95.0846 7.264074462578e+00 9.89237 4
94.9853 7.264585004924e+00 9.89162 4
94.886 7.265264895046e+00 9.89062 4
95.1839 7.266169883722e+00 9.88928 4
95.2833 7.268441786777e+00 9.88594 4
95.4819 7.267590705594e+00 9.88719 4
95.6805 7.266807737390e+00 9.88834 4
95.7798 7.266433569342e+00 9.88889 4
95.5812 7.267289984496e+00 9.88763 4
95.8791 7.266059833132e+00 9.88944 4
95.3826 7.267944326418e+00 9.88667 4
95.9784 7.265576455069e+00 9.89016 4
96.0777 7.265094561566e+00 9.89087 4
96.177 7.267935942973e+00 9.88668 4
96.3756 7.268839111958e+00 9.88535 4
96.4749 7.268419521978e+00 9.88597 4
96.5742 7.267948595672e+00 9.88666 4
96.2763 7.269277021327e+00 9.88471 4
97.2692 7.268421367721e+00 9.88597 4
96.6735 7.267241438515e+00 9.8877 4
96.7728 7.266625719577e+00 9.88861 4
96.8721 7.266242747508e+00 9.88917 4
97.17 7.265728791749e+00 9.88993 4
97.3685 7.267438882031e+00 9.88741 4
97.0707 7.264629059543e+00 9.89155 4
97.5671 7.267359643114e+00 9.88753 4
96.9714 7.265836320191e+00 9.88977 4
97.4678 7.266469426354e+00 9.88884 4
97.6664 7.267422673854e+00 9.88744 4
97.7657 7.265409560002e+00 9.8904 4
98.0636 7.264220248844e+00 9.89215 4
97.9643 7.265463417139e+00 9.89032 4
97.865 7.265302923044e+00 9.89056 4
98.1629 7.262914982437e+00 9.89408 4
98.3616 7.268567488803e+00 9.88575 4
98.2623 7.268817461328e+00 9.88538 4
98.8581 7.266593485431e+00 9.88866 4
98.5602 7.267733621994e+00 9.88698 4
98.4609 7.267453833951e+00 9.88739 4
98.6595 7.267639617957e+00 9.88712 4
98.7588 7.266979770188e+00 9.88809 4
99.0567 7.265361274951e+00 9.89047 4
99.156 7.264916980493e+00 9.89113 4
99.2553 7.265983482868e+00 9.88956 4
98.9574 7.266014095183e+00 9.88951 4
99.3546 7.269495205268e+00 9.88439 4
99.4539 7.267847528079e+00 9.88681 4
99.6525 7.266020207751e+00 9.8895 4
99.7518 7.266556565543e+00 9.88871 4
99.5532 7.266867187535e+00 9.88825 4
99.8511 7.266826542934e+00 9.88831 4
99.9504 7.265166950257e+00 9.89076 4
